In [1]: url = 'https://archive.ics.uci.edu/ml/machine-learning-databases/iris/iris.data'
In [2]: import numpy as np

In [3]: url = 'https://archive.ics.uci.edu/ml/machine-learning-databases/ir
   ...: is/iris.data'
   ...:
   ...:
   ...: sepallength = np.genfromtxt(url, delimiter=',', dtype='float', usecols=[0])
   ...:

In [4]: %paste
def softmax(x):
    e_x = np.exp(x - np.max(x))
    return e_x/e_x.sum(axis=0)

In [6]: softmax(sepallength)
Out[6]:
array([0.00221959, 0.00181724, 0.00148783, 0.00134625, 0.00200836,
       0.00299613, 0.00134625, 0.00200836, 0.00110221, 0.00181724,
       0.00299613, 0.00164431, 0.00164431, 0.00099732, 0.0044697 ,
       0.00404435, 0.00299613, 0.00221959, 0.00404435, 0.00221959,
       0.00299613, 0.00221959, 0.00134625, 0.00221959, 0.00164431,
       0.00200836, 0.00200836, 0.00245302, 0.00245302, 0.00148783,
       0.00164431, 0.00299613, 0.00245302, 0.00331123, 0.00181724,
       0.00200836, 0.00331123, 0.00181724, 0.00110221, 0.00221959,
       0.00200836, 0.00121813, 0.00110221, 0.00200836, 0.00221959,
       0.00164431, 0.00221959, 0.00134625, 0.00271101, 0.00200836,
       0.01483991, 0.00814432, 0.01342771, 0.00331123, 0.00900086,
       0.00404435, 0.00736928, 0.00181724, 0.00994749, 0.00245302,
       0.00200836, 0.00493978, 0.0054593 , 0.00603346, 0.00365948,
       0.01099368, 0.00365948, 0.0044697 , 0.006668  , 0.00365948,
       0.00493978, 0.00603346, 0.00736928, 0.00603346, 0.00814432,
       0.00994749, 0.01214989, 0.01099368, 0.0054593 , 0.00404435,
       0.00331123, 0.00331123, 0.0044697 , 0.0054593 , 0.00299613,
       0.0054593 , 0.01099368, 0.00736928, 0.00365948, 0.00331123,
       0.00331123, 0.00603346, 0.0044697 , 0.00200836, 0.00365948,
       0.00404435, 0.00404435, 0.006668  , 0.00221959, 0.00404435,
       0.00736928, 0.0044697 , 0.01640064, 0.00736928, 0.00900086,
       0.02704008, 0.00181724, 0.02003179, 0.01099368, 0.01812551,
       0.00900086, 0.00814432, 0.01214989, 0.00404435, 0.0044697 ,
       0.00814432, 0.00900086, 0.02988391, 0.02988391, 0.0054593 ,
       0.01342771, 0.00365948, 0.02988391, 0.00736928, 0.01099368,
       0.01812551, 0.006668  , 0.00603346, 0.00814432, 0.01812551,
       0.02213855, 0.0365003 , 0.00814432, 0.00736928, 0.00603346,
       0.02988391, 0.00736928, 0.00814432, 0.0054593 , 0.01342771,
       0.01099368, 0.01342771, 0.0044697 , 0.01214989, 0.01099368,
       0.01099368, 0.00736928, 0.00900086, 0.006668  , 0.00493978])                                                                                                                                                                                                                                                                                                                                                                                                                                                                                                                                                                                                                                                                                                                                                                                                                                                                                                                                                                                                                                                                                                                                                                                                                                                                                                                                                                                                                                                                                                                                                                                                                                                                                                                                                                                                                                                                                                                                                                                                                                                                                                                                                                                                                                                                                                                                                                                                                                                                                                                                                                                                                                                                                                                                                                                                                                                                                                                                                                                                                                                                                                                                                                                                                                                                                                                                                                                                                                                                                                                                                                                                                                                                                                                                                                                                                                                                                                                                                                                                                                                                                                                                                                                                                                                                                                                                                                                                                                                                                                                                                                                                                                                                                                                                                                                                                                                                                                                                                                                                                                                                                                                                                                                                                                                                                                                                                                                                                                                                                                                                                                                                                                                                                       
