In [3]: import numpy as np

In [4]: url = 'https://archive.ics.uci.edu/ml/machine-learning-databases/iris/iris.data'

In [5]: sepallength = np.genfromtxt(url, delimiter=',', dtype='float', usecols=[0])

In [6]: sepallength
Out[6]:
array([5.1, 4.9, 4.7, 4.6, 5. , 5.4, 4.6, 5. , 4.4, 4.9, 5.4, 4.8, 4.8,
       4.3, 5.8, 5.7, 5.4, 5.1, 5.7, 5.1, 5.4, 5.1, 4.6, 5.1, 4.8, 5. ,
       5. , 5.2, 5.2, 4.7, 4.8, 5.4, 5.2, 5.5, 4.9, 5. , 5.5, 4.9, 4.4,
       5.1, 5. , 4.5, 4.4, 5. , 5.1, 4.8, 5.1, 4.6, 5.3, 5. , 7. , 6.4,
       6.9, 5.5, 6.5, 5.7, 6.3, 4.9, 6.6, 5.2, 5. , 5.9, 6. , 6.1, 5.6,
       6.7, 5.6, 5.8, 6.2, 5.6, 5.9, 6.1, 6.3, 6.1, 6.4, 6.6, 6.8, 6.7,
       6. , 5.7, 5.5, 5.5, 5.8, 6. , 5.4, 6. , 6.7, 6.3, 5.6, 5.5, 5.5,
       6.1, 5.8, 5. , 5.6, 5.7, 5.7, 6.2, 5.1, 5.7, 6.3, 5.8, 7.1, 6.3,
       6.5, 7.6, 4.9, 7.3, 6.7, 7.2, 6.5, 6.4, 6.8, 5.7, 5.8, 6.4, 6.5,
       7.7, 7.7, 6. , 6.9, 5.6, 7.7, 6.3, 6.7, 7.2, 6.2, 6.1, 6.4, 7.2,
       7.4, 7.9, 6.4, 6.3, 6.1, 7.7, 6.3, 6.4, 6. , 6.9, 6.7, 6.9, 5.8,
       6.8, 6.7, 6.7, 6.3, 6.5, 6.2, 5.9])

In [7]: Smax, Smin = sepallength.max(), sepallength.min()

In [8]: s = (sepallength - Smin)/sepallength.ptp()

In [9]: s
Out[9]:
array([0.22222222, 0.16666667, 0.11111111, 0.08333333, 0.19444444,
       0.30555556, 0.08333333, 0.19444444, 0.02777778, 0.16666667,
       0.30555556, 0.13888889, 0.13888889, 0.        , 0.41666667,
       0.38888889, 0.30555556, 0.22222222, 0.38888889, 0.22222222,
       0.30555556, 0.22222222, 0.08333333, 0.22222222, 0.13888889,
       0.19444444, 0.19444444, 0.25      , 0.25      , 0.11111111,
       0.13888889, 0.30555556, 0.25      , 0.33333333, 0.16666667,
       0.19444444, 0.33333333, 0.16666667, 0.02777778, 0.22222222,
       0.19444444, 0.05555556, 0.02777778, 0.19444444, 0.22222222,
       0.13888889, 0.22222222, 0.08333333, 0.27777778, 0.19444444,
       0.75      , 0.58333333, 0.72222222, 0.33333333, 0.61111111,
       0.38888889, 0.55555556, 0.16666667, 0.63888889, 0.25      ,
       0.19444444, 0.44444444, 0.47222222, 0.5       , 0.36111111,
       0.66666667, 0.36111111, 0.41666667, 0.52777778, 0.36111111,
       0.44444444, 0.5       , 0.55555556, 0.5       , 0.58333333,
       0.63888889, 0.69444444, 0.66666667, 0.47222222, 0.38888889,
       0.33333333, 0.33333333, 0.41666667, 0.47222222, 0.30555556,
       0.47222222, 0.66666667, 0.55555556, 0.36111111, 0.33333333,
       0.33333333, 0.5       , 0.41666667, 0.19444444, 0.36111111,
       0.38888889, 0.38888889, 0.52777778, 0.22222222, 0.38888889,
       0.55555556, 0.41666667, 0.77777778, 0.55555556, 0.61111111,
       0.91666667, 0.16666667, 0.83333333, 0.66666667, 0.80555556,
       0.61111111, 0.58333333, 0.69444444, 0.38888889, 0.41666667,
       0.58333333, 0.61111111, 0.94444444, 0.94444444, 0.47222222,
       0.72222222, 0.36111111, 0.94444444, 0.55555556, 0.66666667,
       0.80555556, 0.52777778, 0.5       , 0.58333333, 0.80555556,
       0.86111111, 1.        , 0.58333333, 0.55555556, 0.5       ,
       0.94444444, 0.55555556, 0.58333333, 0.47222222, 0.72222222,
       0.66666667, 0.72222222, 0.41666667, 0.69444444, 0.66666667,
       0.66666667, 0.55555556, 0.61111111, 0.52777778, 0.44444444])
