1.zip_longest
>>> import itertools as it
>>> 
>>> def grouper(inputs, n, fillvalue=None):
...     iters = [iter(inputs)] * n
...     return it.zip_longest(*iters, fillvalue=fillvalue)
... 
>>> 
>>> grouper([1, 2, 3, 4, 5, 6], 3)
<itertools.zip_longest object at 0x7f25b481c318>
>>> list(grouper([1, 2, 3, 4, 5, 6], 3))
[(1, 2, 3), (4, 5, 6)]

2.combinations
root@ubuntu1604:/data/zhouping/scripts/pylearn# python3 make100.py 
[(20, 20, 20, 10, 10, 10, 10), (20, 20, 20, 10, 10, 10, 10), (20, 20, 20, 10, 10, 10, 10), (20, 20, 20, 10, 10, 10, 10), (20, 20, 20, 10, 10, 10, 10), (20, 20, 20, 10, 10, 10, 5, 5), (20, 20, 20, 10, 10, 10, 5, 5), (20, 20, 20, 10, 10, 10, 5, 5), (20, 20, 20, 10, 10, 10, 5, 5), (20, 20, 20, 10, 10, 10, 5, 5), (20, 20, 20, 10, 10, 10, 5, 5), (20, 20, 20, 10, 10, 10, 5, 5), (20, 20, 20, 10, 10, 10, 5, 5), (20, 20, 20, 10, 10, 10, 5, 5), (20, 20, 20, 10, 10, 10, 5, 5), (20, 20, 10, 10, 10, 10, 10, 5, 5), (20, 20, 10, 10, 10, 10, 10, 5, 5), (20, 20, 10, 10, 10, 10, 10, 5, 5), (20, 20, 20, 10, 10, 10, 5, 1, 1, 1, 1, 1), (20, 20, 20, 10, 10, 10, 5, 1, 1, 1, 1, 1), (20, 20, 20, 10, 10, 10, 5, 1, 1, 1, 1, 1), (20, 20, 20, 10, 10, 10, 5, 1, 1, 1, 1, 1), (20, 20, 20, 10, 10, 10, 5, 1, 1, 1, 1, 1), (20, 20, 20, 10, 10, 10, 5, 1, 1, 1, 1, 1), (20, 20, 20, 10, 10, 10, 5, 1, 1, 1, 1, 1), (20, 20, 20, 10, 10, 10, 5, 1, 1, 1, 1, 1), (20, 20, 20, 10, 10, 10, 5, 1, 1, 1, 1, 1), (20, 20, 20, 10, 10, 10, 5, 1, 1, 1, 1, 1), (20, 20, 20, 10, 10, 10, 5, 1, 1, 1, 1, 1), (20, 20, 20, 10, 10, 10, 5, 1, 1, 1, 1, 1), (20, 20, 20, 10, 10, 10, 5, 1, 1, 1, 1, 1), (20, 20, 20, 10, 10, 10, 5, 1, 1, 1, 1, 1), (20, 20, 20, 10, 10, 10, 5, 1, 1, 1, 1, 1), (20, 20, 20, 10, 10, 10, 5, 1, 1, 1, 1, 1), (20, 20, 20, 10, 10, 10, 5, 1, 1, 1, 1, 1), (20, 20, 20, 10, 10, 10, 5, 1, 1, 1, 1, 1), (20, 20, 20, 10, 10, 10, 5, 1, 1, 1, 1, 1), (20, 20, 20, 10, 10, 10, 5, 1, 1, 1, 1, 1), (20, 20, 10, 10, 10, 10, 10, 5, 1, 1, 1, 1, 1), (20, 20, 10, 10, 10, 10, 10, 5, 1, 1, 1, 1, 1), (20, 20, 10, 10, 10, 10, 10, 5, 1, 1, 1, 1, 1), (20, 20, 10, 10, 10, 10, 10, 5, 1, 1, 1, 1, 1), (20, 20, 10, 10, 10, 10, 10, 5, 1, 1, 1, 1, 1), (20, 20, 10, 10, 10, 10, 10, 5, 1, 1, 1, 1, 1)]
root@ubuntu1604:/data/zhouping/scripts/pylearn# cat make100.py 
import itertools as it

def make100(bills):

    makes_100 = []
    for n in range(1, len(bills) + 1):
        for combination in it.combinations(bills, n):
            if sum(combination) == 100:
                makes_100.append(combination)

    return makes_100

bills = [20, 20, 20, 10, 10, 10, 10, 10, 5, 5, 1, 1, 1, 1, 1]
print(make100(bills))
root@ubuntu1604:/data/zhouping/scripts/pylearn# 
